WORLD:
   C_d=0.004699999999999999
    gravity=98.10000000000001
    mass=100
INITIAL CONDITIONS:
   position=[400. 600.]
   velocity=[  0. 300.]